-------------------------------------------------------------------------------
The following dependent module(s) are not currently loaded: scipy-stack/2024a
(required by: rdkit/2024.03.5)
-------------------------------------------------------------------------------







== Hansen-space plots ==
(PosixPath('results/v2/hsp_hansen_space.png'), PosixPath('results/v2/hsp_Ra_ranked.csv'))
== Solvent incompatibility grids ==
Deduplicated 79007 → 78485 (stereo) → 78144 unique monomers (HSP-triplet)
Purchase links joined: 78144 / 78144 monomers
Full CSV → results/v2/monomers_hsp_solvent_Ra.csv  (78144 unique monomers)

--- Water (↑ highest Ra) top 50 ---
    delta_D_corr  delta_P_corr  delta_H_corr  Ra_Water
0         16.424         1.973         2.313    42.416
1         16.410         2.037         2.387    42.324
2         16.401         2.129         2.425    42.257
3         16.400         2.107         2.440    42.250
4         16.403         2.119         2.462    42.226
5         16.411         2.161         2.551    42.128
6         16.384         2.308         2.530    42.098
7         16.412         2.189         2.574    42.098
8         16.387         2.319         2.537    42.088
9         16.531         2.645         2.466    42.063
10        16.412         2.165         2.620    42.062
11        16.420         2.230         2.624    42.038
12        16.396         2.215         2.632    42.033
13        16.392         2.230         2.641    42.019
14        16.554         2.787         2.514    41.975
15        16.402         2.257         2.682    41.973
16        17.347         2.539         2.744    41.947
17        16.407         2.427         2.670    41.929
18        16.404         2.309         2.734    41.907
19        16.509         2.411         2.711    41.905
20        16.432         2.321         2.743    41.897
21        16.550         2.882         2.570    41.893
22        16.498         2.393         2.760    41.863
23        16.386         2.429         2.743    41.858
24        16.444         2.413         2.762    41.850
25        16.412         2.349         2.788    41.843
26        16.446         2.349         2.799    41.836
27        16.400         2.377         2.828    41.796
28        16.545         3.015         2.631    41.792
29        16.444         2.444         2.822    41.783
30        16.493         2.586         2.780    41.782
31        16.407         2.405         2.872    41.746
32        16.532         3.074         2.675    41.731
33        17.088         2.975         2.786    41.726
34        17.027         3.067         2.770    41.703
35        16.897         2.779         2.857    41.693
36        16.875         2.749         2.881    41.678
37        16.428         2.406         2.956    41.667
38        16.415         2.561         2.906    41.663
39        16.636         3.098         2.752    41.662
40        16.871         2.810         2.882    41.657
41        17.582         2.235         3.216    41.646
42        16.994         3.157         2.799    41.644
43        16.559         3.201         2.748    41.625
44        16.427         2.465         2.984    41.622
45        16.449         2.596         2.948    41.615
46        17.059         3.071         2.871    41.612
47        16.482         2.531         2.979    41.610
48        17.008         2.960         2.906    41.605
49        16.439         2.437         3.022    41.596
CSV  → results/v2/top50_water.csv
Grid → results/v2/top50_water_grid.png

--- Diiodomethane (↑ highest Ra) top 50 ---
    delta_D_corr  delta_P_corr  delta_H_corr  Ra_Diiodomethane
0         19.558        17.147        27.178            25.647
1         19.594        17.567        25.766            24.706
2         17.566        23.590        19.474            24.149
3         19.530        17.041        24.695            23.519
4         18.903        24.126        16.855            23.300
5         19.309        15.529        23.856            21.938
6         19.140        15.797        23.097            21.409
7         19.264        16.154        22.809            21.408
8         18.545        19.840        19.203            21.073
9         20.089        22.692        13.651            20.989
10        18.999        20.774        17.630            20.919
11        19.346        15.626        22.464            20.853
12        21.879        16.127        20.210            20.795
13        18.529        19.546        19.056            20.754
14        17.546        16.267        22.097            20.704
15        21.754        15.960        20.326            20.683
16        18.513        19.152        18.877            20.337
17        22.102        15.732        19.552            20.284
18        21.729        15.546        19.957            20.159
19        19.834        20.415        16.240            20.116
20        18.811        20.525        16.569            20.075
21        21.738        15.573        19.606            19.931
22        19.393        19.813        17.021            19.902
23        19.099        15.177        21.668            19.883
24        18.927        20.027        16.820            19.832
25        22.028        15.285        19.249            19.752
26        19.026        14.778        21.629            19.608
27        18.497        18.442        18.574            19.605
28        18.298        22.900        10.148            19.586
29        18.635        20.219        15.978            19.465
30        20.503        22.191         9.053            19.401
31        17.025        13.640        22.176            19.374
32        19.032        13.197        22.312            19.369
33        21.646        15.485        18.935            19.335
34        21.850        15.107        18.949            19.289
35        18.914        14.976        21.116            19.275
36        21.473        15.359        19.044            19.201
37        21.841        15.041        18.875            19.192
38        18.801        17.403        18.983            19.187
39        21.304        15.558        18.940            19.122
40        17.822        17.378        18.931            19.028
41        21.273        15.512        18.850            19.008
42        21.804        15.089        18.500            18.930
43        18.885        20.449        14.352            18.893
44        19.724        19.477        15.459            18.884
45        18.822        20.719        13.772            18.855
46        18.849        20.721        13.435            18.717
47        18.867        14.348        20.762            18.618
48        18.836        19.090        16.027            18.597
49        18.125        19.361        15.752            18.563
CSV  → results/v2/top50_diiodomethane.csv
Grid → results/v2/top50_diiodomethane_grid.png

--- n-Hexadecane (↑ highest Ra) top 50 ---
    delta_D_corr  delta_P_corr  delta_H_corr  Ra_n_Hexadecane
0         19.558        17.147        27.178           32.789
1         19.594        17.567        25.766           31.874
2         17.566        23.590        19.474           30.694
3         19.530        17.041        24.695           30.692
4         18.903        24.126        16.855           29.887
5         19.309        15.529        23.856           29.094
6         19.264        16.154        22.809           28.571
7         19.140        15.797        23.097           28.553
8         21.879        16.127        20.210           28.161
9         21.754        15.960        20.326           28.051
10        19.346        15.626        22.464           28.034
11        18.545        19.840        19.203           27.974
12        18.999        20.774        17.630           27.776
13        18.529        19.546        19.056           27.660
14        22.102        15.732        19.552           27.648
15        17.546        16.267        22.097           27.552
16        20.089        22.692        13.651           27.544
17        21.729        15.546        19.957           27.529
18        21.738        15.573        19.606           27.298
19        18.513        19.152        18.877           27.253
20        22.028        15.285        19.249           27.118
21        19.099        15.177        21.668           27.040
22        19.834        20.415        16.240           27.027
23        18.811        20.525        16.569           26.852
24        19.393        19.813        17.021           26.842
25        19.026        14.778        21.629           26.757
26        21.646        15.485        18.935           26.695
27        18.927        20.027        16.820           26.676
28        21.850        15.107        18.949           26.655
29        21.473        15.359        19.044           26.563
30        21.841        15.041        18.875           26.558
31        18.497        18.442        18.574           26.541
32        19.032        13.197        22.312           26.493
33        21.304        15.558        18.940           26.475
34        18.914        14.976        21.116           26.411
35        21.273        15.512        18.850           26.361
36        21.804        15.089        18.500           26.289
37        18.801        17.403        18.983           26.235
38        18.635        20.219        15.978           26.190
39        17.025        13.640        22.176           26.075
40        17.822        17.378        18.931           25.878
41        19.724        19.477        15.459           25.792
42        18.867        14.348        20.762           25.754
43        21.258        14.787        18.431           25.626
44        21.668        14.665        17.954           25.548
45        18.885        20.449        14.352           25.512
46        19.228        17.608        17.424           25.454
47        18.836        19.090        16.027           25.437
48        18.777        17.872        17.403           25.433
49        20.503        22.191         9.053           25.398
CSV  → results/v2/top50_nhexadecane.csv
Grid → results/v2/top50_nhexadecane_grid.png

--- PTFE (↓ lowest Ra) top 50 ---
    delta_D_corr  delta_P_corr  delta_H_corr  Ra_PTFE
0         14.518         2.092         3.946    5.759
1         14.511         2.213         4.116    5.913
2         14.405         2.937         4.345    6.256
3         14.903         2.562         3.780    6.345
4         15.015         3.032         3.295    6.441
5         14.881         2.792         3.906    6.488
6         15.223         2.306         3.523    6.573
7         14.934         2.804         3.973    6.604
8         15.271         2.330         3.489    6.636
9         15.234         2.487         3.647    6.721
10        15.316         2.423         3.554    6.773
11        15.322         2.583         3.654    6.894
12        15.375         2.846         3.415    6.956
13        15.401         2.853         3.418    7.000
14        13.882         4.018         5.407    7.139
15        15.339         3.140         3.713    7.177
16        15.349         2.883         4.035    7.258
17        15.438         2.962         3.785    7.285
18        15.311         3.446         4.032    7.443
19        15.290         3.766         4.142    7.628
20        15.437         3.498         4.038    7.649
21        15.659         2.873         4.017    7.708
22        15.290         4.039         4.349    7.878
23        15.691         3.165         4.130    7.929
24        16.424         1.973         2.313    8.045
25        16.410         2.037         2.387    8.055
26        16.400         2.107         2.440    8.071
27        16.401         2.129         2.425    8.076
28        16.403         2.119         2.462    8.087
29        16.040         3.012         3.435    8.092
30        16.384         2.308         2.530    8.126
31        16.387         2.319         2.537    8.136
32        16.411         2.161         2.551    8.140
33        16.392         2.230         2.641    8.152
34        16.396         2.215         2.632    8.154
35        16.412         2.189         2.574    8.156
36        16.412         2.165         2.620    8.164
37        15.970         2.969         3.917    8.181
38        15.783         3.548         4.058    8.190
39        16.402         2.257         2.682    8.192
40        16.420         2.230         2.624    8.199
41        16.094         2.937         3.558    8.208
42        16.404         2.309         2.734    8.226
43        16.386         2.429         2.743    8.232
44        16.407         2.427         2.670    8.245
45        16.044         3.317         3.549    8.266
46        16.412         2.349         2.788    8.270
47        16.400         2.377         2.828    8.271
48        16.432         2.321         2.743    8.284
49        16.012         3.384         3.658    8.290
CSV  → results/v2/top50_ptfe.csv
Grid → results/v2/top50_ptfe_grid.png
== Constrained top-25 rankings ==
INFO: Loaded 79314 monomers from results/v2/monomers_hsp_corrected.csv
INFO: C0 HSP present                       79314 ->   79007  (-307) 
INFO: Evaluating C1 catalogue filter on unique sidechains…
INFO: C1 chiral/phenol/aniline             79007 ->   23987  (-55020) chiral=0 phenol=21638 aniline=36821 (overlapping)
INFO: C2 unphysical delta < 0              23987 ->   23987  (-0) of which Si monomers=0
INFO: C3 physical envelope                 23987 ->   23987  (-0) dD (12.0, 24.0), dP<=30.0, dH<=45.0
INFO: Evaluating C4 relaxed coverage on unique monomers…
INFO: C4 relaxed group coverage            23987 ->   13419  (-10568) strict n_unmatched==0 would have kept 13243
INFO: C5 dedup (stereo + HSP triplet)      13419 ->   13255  (-164) stereo-dedup intermediate=13278; isotope-labelled 174 -> 96 after preferring unlabelled twins
INFO: Purchase links joined for 13255 / 13255 monomers
INFO: Residual basic N present in 1347 / 13255 monomers (10.2%)
INFO: Full filtered set (13255 monomers) -> results/v2/monomers_filtered_ranked.csv
INFO: ptfe           top25: Ra_PTFE 5.76–8.05  -> top25_ranked_ptfe_grid.png
INFO: water          top25: Ra_Water 41.84–42.42  -> top25_ranked_water_grid.png
INFO: diiodomethane  top25: Ra_Diiodomethane 16.99–24.15  -> top25_ranked_diiodomethane_grid.png
INFO: max_dispersion top25: delta_D_corr 20.46–21.44  -> top25_ranked_max_dispersion_grid.png
INFO: max_polar      top25: delta_P_corr 18.44–24.13  -> top25_ranked_max_polar_grid.png
INFO: max_hbonding   top25: delta_H_corr 17.15–22.18  -> top25_ranked_max_hbonding_grid.png
INFO: dominant_dispersion top25: margin_dispersion 11.27–12.14  -> top25_ranked_dominant_dispersion_grid.png
INFO: dominant_polar top25: margin_polar -10.09–-3.29  -> top25_ranked_dominant_polar_grid.png
INFO: dominant_hbonding top25: margin_hbonding -10.55–-8.49  -> top25_ranked_dominant_hbonding_grid.png
INFO: water(no basic N) top25: Ra_Water 41.84–42.42  -> top25_ranked_water_no_basic_N_grid.png
INFO: Filter report -> results/v2/filter_report.json
== HSP component grids ==
Unique monomers after dedup: 78144
CSV  → results/top50_max_dispersion.csv  (top delta_D_corr: 22.28–21.65)
Grid → results/top50_max_dispersion_grid.png
CSV  → results/top50_max_polar.csv  (top delta_P_corr: 24.13–18.48)
Grid → results/top50_max_polar_grid.png
CSV  → results/top50_max_hbonding.csv  (top delta_H_corr: 27.18–17.95)
Grid → results/top50_max_hbonding_grid.png
CSV  → results/top50_ptfe.csv  (top Ra_PTFE: 5.76–8.29)
Grid → results/top50_ptfe_grid.png
